1.267697056895422003e+00
4.681711101839254319e-01
7.338856935986139141e-02
2.801672354342669147e-01
1.237374111754753869e+00
-3.046830964613356230e-01
1.170808013943287040e+00
-6.999502500797735172e-01
7.994305419316373174e-01
-8.791111686173033180e-01
1.405118861472856917e+00
4.297882233168179855e-01
1.825412582619863944e+00
-3.215078993570659183e-01
1.448390774392657399e+00
7.943994079948261122e-01
9.597184814673563880e-01
7.919037592768615186e-01
1.639995976126337851e+00
1.788706478880393913e+00
1.166472228772106101e+00
1.639384038071866279e+00
1.062556303832946858e+00
1.844937924168610355e+00
-3.404250034819664705e-01
8.248612171497021750e-01
8.138495882785791169e-01
-4.648738225133599578e-01
7.367494992313582403e-01
1.042577098597893714e+00
2.375686976236060843e+00
-3.570575009899734642e-01
-4.470223586607895427e-01
1.047934376198946804e+00
5.915031283184527533e-01
1.534855294872501386e-01
