-3.785239889538178915e-01
-3.309499169871318314e-01
2.091526344766663215e-01
3.770055412480082246e-01
2.432913541510073330e-01
1.090512797026058855e+00
1.090383179415761461e-01
2.891907508870141807e-01
-5.886576960165504913e-01
4.694406597880019794e-01
-7.184436667955839129e-01
6.400772760846312748e-01
9.364117813121678457e-01
-6.616630799505766047e-01
-2.632696928070189513e-01
-4.537732939405095811e-01
6.827007790073816862e-01
1.994509114415498052e-01
1.857508114644572883e+00
1.626902524171868203e+00
3.652059225356145689e-01
-9.471164664086129115e-02
-4.555696052460960210e-01
-8.242153769093670812e-01
