2.245571385441465506e-01
-2.223008891853047952e+00
-3.816969864592303363e-01
1.195575111950994418e-01
1.977247446863664271e+00
5.091489495478035421e-01
1.618755626806507086e+00
-3.286372113809005180e-01
-9.976623176585822650e-01
-2.646542807497780370e-01
-1.114054066489629014e+00
9.289082578835624604e-01
1.696585665889280170e+00
-4.370671112189894458e-01
4.168908889929585637e-01
1.860362207852404248e+00
-9.275221429547272356e-01
1.447829447390764690e+00
-8.091908340170380631e-01
-4.425089775555823834e-02
2.459827138708114980e-01
-2.121047695371323649e-01
8.033918991118974562e-01
3.114668390905216633e+00
1.324305215441153594e-01
1.225934817142417144e+00
-3.461365641425420137e-01
8.592181869903648961e-01
-1.080307751529230087e+00
1.258954453179635058e+00
2.521232757635002653e+00
2.431340747720810214e+00
1.261409925178800018e+00
2.142973784737588705e+00
1.717111314069781125e+00
1.165251118774449202e+00
