2.136699658700535132e+00
-9.205943334564673508e-01
-1.146829607217509706e+00
-1.089544076926710847e+00
-6.061252131829222289e-01
2.081718485376087724e+00
-1.361013579504645410e+00
-1.023138020699071671e+00
-7.806269982846494315e-01
1.851614708627009165e+00
-9.951619329496881328e-01
-8.591200858500855908e-01
2.079082393720199207e+00
-1.156487681433127968e+00
-6.373244535702984326e-01
2.284035486767100220e+00
2.393338939113208941e+00
2.110383697320811880e+00
-8.859445215843116950e-01
-6.554841543850685737e-01
-8.995228066921807653e-01
1.695086833223746758e+00
2.009857339528076992e+00
-4.966686737205266988e-01
