2.209190156307729413e+00
-9.930848310636616327e-01
-1.219320104824703987e+00
-1.162034574533905129e+00
-6.786157107901165109e-01
2.154208982983282006e+00
-1.433504077111839692e+00
-1.095628518306265953e+00
-8.531174958918437135e-01
1.924105206234203447e+00
-1.067652430556882415e+00
-9.316105834572798727e-01
2.151572891327393489e+00
-1.228978179040322249e+00
-7.098149511774927145e-01
2.356525984374294502e+00
2.465829436720403223e+00
2.182874194928006162e+00
-9.584350191915059769e-01
-7.279746519922628556e-01
-9.720133042993750472e-01
1.767577330830941040e+00
2.082347837135271718e+00
-5.691591713277209807e-01
