3.268106086036126623e-01
-1.091903415414770429e+00
-3.065054970390789002e+00
3.450862350763811426e-01
-2.532682092865690571e+00
5.140900492277061140e+00
5.870162212582955563e-01
-2.815210428757019656e+00
-3.005914515561207701e+00
3.343581859986776372e+00
-6.253836579876637991e+00
2.584254301965300371e+00
-3.912980603859518292e-01
-3.436308219914622875e+00
4.307998961628247692e+00
1.893509888519699702e+00
4.672949059113032710e+00
1.228698939431638104e+00
1.791308894191880219e+00
-3.766962034712691754e+00
-2.087299482164834963e+00
-2.633572447615283529e+00
-7.630402046068024413e-01
-4.344053945844843945e+00
