6.530167551240869672e-01
5.034985575223642762e-01
3.368532963589384588e-01
3.941388266497372062e-01
8.179676777959093981e-01
6.576255943972562079e-01
1.226693240718026712e-01
4.605448828773764935e-01
7.030559052917987328e-01
4.275218176481774268e-01
4.885209706267600316e-01
6.245628177263625735e-01
6.549895027413674686e-01
3.271952221433201968e-01
8.463584500061497318e-01
8.003525831906520560e-01
9.692460481343774248e-01
6.267007937443637156e-01
5.381483693945199320e-01
8.281987491913795907e-01
5.841600968842673991e-01
2.114039296472985663e-01
5.857644485492455866e-01
9.870142298559214655e-01
3.000324943106669195e-01
6.879288163070823581e-01
1.471178400936326847e-01
4.510045428552146296e-01
7.055693751121578927e-01
6.364481860597962504e-01
7.486499446767920229e-01
7.631888903564255644e-01
8.562145318571526831e-01
3.257797922448812944e-01
7.642768231740114659e-01
8.466535835867659010e-01
3.622723164441519206e-01
9.554135495719868754e-01
7.592315920073394730e-01
8.792182445574641125e-01
2.004125028929175933e-01
1.645106982140635832e-01
8.503877641206117888e-01
5.867140121850562551e-01
3.133496090797472933e-01
9.607647630648815662e-01
1.478026584288069933e-01
7.657496375772577801e-01
