6.618564184435496989e-01
5.123382208418270078e-01
3.280136330394757826e-01
3.852991633302745300e-01
8.268073411153721297e-01
6.487859310777934763e-01
1.138296607523399534e-01
4.517052195579138174e-01
6.942162419723360012e-01
4.186821543287147507e-01
4.796813073072973554e-01
6.157231544068998419e-01
6.461498394219047370e-01
3.183555588238575207e-01
8.375187866866870001e-01
8.091922465101147877e-01
9.604063848149146931e-01
6.355404570638264472e-01
5.469880327139826637e-01
8.193590858719168590e-01
5.753204335648046674e-01
2.202435929667612979e-01
5.769247852297828549e-01
9.781745665364587339e-01
3.088721576301295957e-01
6.967684796265450897e-01
1.559575034130954163e-01
4.598442061746773057e-01
6.967297117926951611e-01
6.452878493792589820e-01
7.398102813573292913e-01
7.543492270369628327e-01
8.650541951766154147e-01
3.346194555643439705e-01
7.554371598545487343e-01
8.554932469062286327e-01
3.534326531246892444e-01
9.465738862525241437e-01
7.503919286878767414e-01
8.703785812380013809e-01
1.915728395734548617e-01
1.733503615335263148e-01
8.415481008011490571e-01
5.955536755045189867e-01
3.045099457602846171e-01
9.519250997454188346e-01
1.566423217482697250e-01
7.745893008967205118e-01
