8.091113070827397058e-01
6.143901982555154406e-01
-2.516497569125848988e-01
3.244192988040829340e-01
1.345844752669329125e+00
4.755303970009023828e-01
1.385393539805090057e+00
8.774831602599402203e-01
-7.348407375931805818e-01
4.826969910953197718e-01
6.340425663970349346e-01
-8.528947732792170333e-01
2.551097883908095554e+00
2.834811372172150734e-01
4.392273863571419801e-01
2.145110441806534318e+00
2.088808098581567685e-01
3.530888112171337578e-01
-1.832300510378491731e-01
-5.004925010272937014e-01
6.586322862973732761e-02
3.354072553763531861e-01
-1.559553757038206534e+00
1.494475048241122206e+00
2.380220624842553923e-01
1.031463845935022938e+00
-3.864418021603914788e-01
2.398129714951759972e+00
-7.243486105883055748e-01
1.770508481827120395e+00
1.678385774964104904e+00
2.577965194333740606e-01
1.395202731392362061e+00
2.341027934977463865e+00
1.149836285800219127e+00
-4.559049978876061338e-01
