8.758340495989560548e-01
7.263158519972333638e-01
1.140360018840693990e-01
1.713215321748681463e-01
1.040784972270778486e+00
4.348082999223871203e-01
-1.001479704030664164e-01
2.377275884025074337e-01
4.802386108169296453e-01
2.047045231733083670e-01
2.657036761518909440e-01
4.017455232514934860e-01
4.321722082664983811e-01
1.043779276684511370e-01
6.235411555312806442e-01
1.023169877665521144e+00
7.464287536595083372e-01
8.495180882192328031e-01
7.609656638693890196e-01
6.053814547165105031e-01
3.613428024093983115e-01
4.342212241221676816e-01
3.629471540743764990e-01
7.641969353810523780e-01
5.228497887855360071e-01
9.107461107819514456e-01
3.699351345685018000e-01
6.738218373300837172e-01
4.827520806372888051e-01
8.592654805346653379e-01
5.258326502019229354e-01
5.403715958815564768e-01
1.079031826332021771e+00
5.485970867197503820e-01
5.414595286991423784e-01
1.069470878061634878e+00
1.394550219692828608e-01
7.325962550971177878e-01
5.364142975324703855e-01
6.564009500825950250e-01
-2.240479158195149423e-02
3.873279926889326985e-01
6.275704696457427012e-01
8.095313066599253427e-01
9.053231460487823345e-02
7.379474685900124786e-01
3.706199529036761087e-01
9.885669320521268677e-01
