-3.729173162898513083e-01
1.667567437196588731e+00
-7.833902593196637731e-01
-5.039679464711481760e-01
2.991605986109705739e+00
-8.106176710083945469e-01
-1.779422990239263758e+00
-1.457811922660075810e-01
1.003934789304640418e+00
-1.947074094075692319e+00
3.268717014563413126e-01
-4.757416846365404850e-01
-4.731674380230573296e-01
-1.597680226971885664e-01
-5.296572377143150823e-02
-9.435494053956198224e-01
-1.777838584936578259e-01
6.362132124817738710e-01
4.075635008026708417e-01
2.032227341282911048e+00
-1.118401379932710382e+00
1.024576515813853117e+00
-4.173629313527977280e-01
2.618687341356778830e+00
-7.619022110402333681e-01
2.927294031364609417e+00
-3.610793771007762554e-01
1.723796128686032603e+00
-1.735719556858376311e+00
2.632165467459553376e+00
