1.306548812697211792e+00
1.175532709530259678e+00
-7.784497012220793488e-01
-4.434912731351158821e-01
5.241203403140518580e-01
-5.343246725837552669e-01
5.593441846955509167e-01
1.471334285794376473e-01
2.832759804371199230e+00
4.315323602699962513e-01
2.434619312055011697e+00
1.492676368584212154e+00
-4.721107957773267305e-01
1.587195349423155266e-01
9.253337851421172822e-01
-2.667005244877630049e-02
7.997466197235666430e-01
-5.354462832894681945e-01
5.821304478856786924e-01
5.361705727075375405e-01
2.152813413437666856e+00
1.346251144143833178e+00
2.214189488927808203e+00
2.173968485958301944e+00
