2.074134453515805721e+00
-7.429369356531383417e-01
-1.847871464540023156e+00
2.032930030550892109e-01
-1.339942681168685867e+00
3.376770918102037111e+00
-2.075939766009409215e+00
-6.151844966726303099e-01
-1.400669458378827725e+00
2.082080716412579857e+00
-2.107885325306882773e+00
-1.068718371011510460e+00
1.561484843658935029e+00
-1.995662677548984743e+00
-1.152281655911699731e+00
3.327127902919619462e+00
2.904722355035777692e+00
3.170464822394632787e+00
-1.431769794896391668e+00
-2.855515316212852706e-01
-8.531754351698587202e-01
1.459691918513419173e+00
1.839305661847413509e+00
-2.218904965249846040e+00
