-6.239815675353674873e-01
-8.749978539037212011e-01
-3.519632917623339186e+00
7.171356254093536053e-01
-1.888707078003162287e+00
5.138938478167432322e+00
1.436596166889643200e+00
-2.060471266958956882e+00
-2.658598885484237950e+00
2.871838013933788236e+00
-4.913902118824388765e+00
2.945821869950645766e+00
-1.286606492640546495e+00
-3.802632767064363595e+00
4.286882023652557550e+00
2.280861193026454181e+00
5.669496212313351435e+00
5.971698585650830893e-01
2.384353258294456879e+00
-4.418568165716268759e+00
-2.173877645141949255e+00
-2.452693113245489887e+00
-1.016440646221378863e+00
-4.776580715647538611e+00
