1.606920745916472049e+00
-1.921089647147282475e+00
3.034234863661515805e-02
-1.404853700083582568e+00
-5.384206110235926213e-01
2.416210210644404111e+00
-2.787264417391614568e+00
-1.187977818979632838e+00
-1.222207228816252877e+00
-1.120926495197939327e-01
1.097692807635446632e+00
-1.877484419559179996e+00
2.499461771101708418e+00
-1.234775590364772802e+00
-2.390073400082929123e+00
1.435199167043431201e+00
2.062249106530748222e+00
1.850057219522873941e+00
4.251524102716378040e-01
1.265842028909934358e+00
-5.195349259365013017e-01
1.073241712205745158e+00
2.024783894273871621e+00
-1.420740843112536345e+00
