-1.112825283298872536e+00
1.858931721654128788e+00
5.644835179597099128e-02
2.289901621092284678e+00
7.188593896070345490e-01
8.456823272923867929e-01
4.932058987947618434e-01
1.388398688805055015e+00
8.071760033287747049e-01
1.590633560601604435e+00
2.354348333122088910e+00
1.627726274037832654e+00
5.723726076258480733e-01
1.050850828310007090e+00
-9.816238350507480726e-02
1.080942106551521009e+00
3.767573367598299194e-01
6.565324091184550070e-01
1.924981529817779036e+00
-2.825273278208361827e+00
1.684402064868349536e+00
6.068666993944547006e-01
-2.373170358480665085e-02
-9.523134795187120361e-01
4.120014988180318305e-01
-1.072988504935843634e+00
6.694453795159984733e-01
1.391825670017905692e+00
9.546995436584440053e-01
1.397271471650950891e+00
2.066588975233090986e-01
2.889403614000034981e+00
-2.438923994535992235e-01
4.765277993598945327e-01
1.564521771165068964e+00
3.847277707968289606e-01
-3.986780270238424739e-01
5.254746629185613749e-01
3.346453915896571818e+00
7.478880792895098439e-01
-1.358557872706057656e+00
1.372596739168287838e+00
-6.189554470366687156e-01
5.167081644598966461e-01
2.057065687190577030e+00
9.987161373524278130e-01
8.822172782386575873e-01
-6.558708359341448857e-03
-3.875815309568360068e-01
2.198735379396760392e-01
4.101769593352470045e-01
2.563079110243882824e-03
1.601468967903232565e+00
-6.309417556101629132e-02
-1.199658370210997971e+00
-7.167432535711465436e-01
3.509497158561076802e-01
6.914526039153788828e-01
-6.465690620564490398e-01
-1.243022150480548982e+00
