7.361756317753264112e-01
2.451133859347449651e-01
-8.541789623612544569e-01
1.934570201100443976e-01
-2.141680112794869251e-01
1.994780076921828238e+00
-4.558245241491915567e-01
-1.806316771731052429e+00
7.076441648464774081e-01
1.624954555900196773e+00
-7.314770479431947914e-01
-2.341613850679933814e-02
2.013118418792593012e+00
-1.093707155616251495e-02
-3.460441767953154613e-01
1.233116550171265757e+00
1.133414869975723605e+00
1.042829198533012036e+00
7.702005459442599067e-01
-3.591971118485692283e-01
2.961043103915574348e-01
1.565077357386623458e+00
9.682707673109139934e-01
7.937281374048860139e-01
