5.236406343933591723e-01
-1.233114540334308895e+00
-6.930119888705107423e-01
-5.251590820991688391e-01
-6.588732691961697308e-01
1.992677420373236030e+00
-7.931263054056009176e-01
-6.129738724601628830e-01
-1.490822319363727555e+00
1.371605283135179043e+00
-1.620608290142760977e+00
-2.620873472625457890e-01
1.838576404659344909e+00
-1.563827703297753668e+00
-1.165434316154196015e+00
4.483913294066674826e-01
1.584865402354558750e+00
1.101615534788726869e+00
9.553434912973958193e-01
7.247379008246911392e-01
-5.369587008115624949e-01
8.074529767063157726e-01
4.465950181010810427e-01
-1.726380000256544145e+00
