3.177008274518769770e+00
2.241062226339923580e+00
1.005263030144354364e+00
4.626996376082504803e+00
8.156602751961575803e-01
5.258803993808002453e+00
3.514534064049204876e+00
1.701739533810174398e+00
1.602234668291509179e+00
-1.436711650490874126e+00
7.973985296503880438e-01
2.036749327787659158e+00
2.151789305217065795e+00
7.973135175466021796e-01
-2.682411526379706590e-01
2.803241567723115057e+00
-3.116748710286577850e+00
7.584348138992380584e-01
-1.110953883737913372e+00
-1.251008937682107858e+00
1.660320911898982343e+00
1.980399012499355793e+00
1.671236491085542619e+00
-1.500318079995772047e+00
-2.064067447242800002e-01
1.668235317405027507e+00
8.353622992983985585e-01
-1.811013341182845737e+00
1.851350200165891691e+00
1.173028524677359075e+00
-4.511288987100390280e+00
2.625870278272362857e+00
3.827496418377162701e+00
5.799314287422423497e-01
2.208971509079313833e+00
1.659642187779986289e+00
-6.299130571706770265e-01
1.770327799332212626e+00
-1.018783237469052416e+00
2.223756763220699817e+00
2.075808902385169130e+00
-1.507279366890396544e+00
2.525815468341035430e+00
1.414239002355748953e+00
2.445479059860855564e+00
3.751387889611141890e+00
9.272860233937438856e-01
9.886582935018300988e-01
-1.723775181751837082e-01
-1.419990994389262573e+00
1.955621724724645683e+00
-1.644123896129878526e+00
1.733101683792637848e+00
-3.349304121470480511e-01
-1.246455678531534772e-01
3.442112759160075530e+00
2.494129456086797259e+00
2.062732752102302225e+00
-2.743113250320019070e+00
1.374035965570511719e-01
-5.215752590888080853e-01
1.110116055062558837e-01
-7.258128702828683387e-01
3.100116819579271432e+00
3.287264786810783601e+00
1.257674093234618207e+00
-1.890053933311463874e+00
-1.889093355428988597e+00
9.937351536867751189e-01
-4.087735145319588703e+00
-2.088315104833069036e+00
-9.450143355945214707e-02
4.054428073448071990e-01
-5.037070990678660376e-01
3.120563623095848893e+00
3.045121141591353275e+00
-2.414745165632403157e-01
-7.730123893371303456e-01
-1.952560644419747193e+00
9.044828136983642519e-01
6.048982946613581380e-01
1.628862255140978599e+00
9.452091246095284394e-01
6.104200601348799271e-01
3.029589549362648793e+00
2.455199260799941996e+00
-2.094589295797420370e+00
3.831750115804346546e+00
1.728760159374486127e-01
1.109551369736168303e+00
2.216687344823145001e+00
1.579200932308985950e+00
-6.123965571064413638e-01
2.962639360113835441e+00
2.081009587569359276e+00
-3.440588209102299344e-01
