7.122197112213670689e-01
7.183168275036686534e-01
1.208303855344255551e+00
4.221900983760282777e-01
1.862519102879302835e-01
2.440883609777684260e+00
-4.364177863617627606e-01
5.910212710771629574e-01
1.928182041993478979e+00
-1.544916301481734422e+00
-7.675575023646157291e-01
1.101667861419140637e+00
2.695127099039964502e+00
7.557891456986203238e-01
6.055520797107908360e-01
-5.021636431786616894e-01
-4.095217669962105678e-01
-1.246944854130602298e+00
4.047576679638950625e-02
1.850427819733364565e+00
1.027059691012373266e+00
-2.112827686887664147e-01
-5.931202133811578348e-01
-6.328161663289544325e-01
2.369184185086111949e+00
3.131115315954751122e-01
-8.758787894106310201e-01
-6.465079302260534622e-05
-5.975707392798274009e-01
8.318997789149785715e-01
2.127365476483259743e-01
-1.189445744106820690e-02
2.953795360752171639e-01
-6.911152787115981688e-01
2.405997133719413039e+00
1.410295218922185789e+00
-3.780496354756536226e-01
2.481109478939428126e+00
1.805078955479196556e-01
6.429564165198390358e-01
-3.826190129186145539e-01
-1.375775838872296708e+00
2.288377350387552911e-01
1.246580677839402407e+00
9.780935363524897452e-01
4.182020531721253320e-01
1.237074450111661728e+00
-1.177581270963490967e+00
