1.644623814615581825e+00
-6.427512440569658203e-01
-1.223000558942065608e+00
-1.474399465464442560e+00
-1.343275566611784821e+00
2.983510315980674177e-01
-1.073678799599024902e+00
1.317143054444499750e+00
-4.240134905851685732e-01
7.572705035290971942e-01
-8.660806180477411687e-01
1.273168547093240122e+00
1.763964821617010514e+00
-9.874168111005112713e-01
-2.791131640779396725e-02
6.808684825815505270e-01
3.291366035793123590e+00
1.566117660776663367e+00
-1.684903062554335973e-01
9.297206396685721297e-02
1.133220901205657327e+00
2.329252179434453396e+00
2.498094190285052640e+00
1.261523056141839128e+00
