-4.316343353185774223e-01
9.539831370288079926e-01
-1.534005191540360968e+00
-7.923784860074641889e-01
2.614025135584534532e-01
-8.831923573132828276e-01
-1.026479859437568809e+00
1.488453612014712268e+00
4.805074456439977215e-01
2.316852334617834908e-01
-1.480098964556142427e-02
3.624820676422577659e-01
7.074610376855070548e-01
1.006567789718723960e+00
3.862779211015947567e-01
1.092962989821717246e+00
1.712167032827170754e+00
6.943808483980229429e-01
1.295571662454423123e+00
1.386974081503410172e+00
9.900845203441355213e-01
2.411989359461068627e-01
5.559694422504373179e-01
9.572192235571131969e-01
