7.089734228291022511e-02
7.604229385059083635e-01
-6.834645570811614945e-02
-5.316714151371326746e-02
1.040279246464550944e+00
-5.096881370372964293e-01
3.535888066697460141e-01
2.633737336845147770e-01
4.364313741409147074e-01
1.068748212540167941e+00
8.419145403177619169e-01
1.177397972192124387e+00
1.785450986917710203e+00
1.792655986467892593e-01
8.909188396559679646e-01
4.121804856748332302e-01
1.298880462906855993e+00
-1.655980842540250020e-01
1.070513386787444787e+00
1.093797936721757402e+00
8.395224220451924513e-01
2.411989359461068627e-01
5.559694422504373179e-01
9.572192235571131969e-01
