-2.401240182625663522e-05
1.082101716399165525e+00
-6.644277918861143384e-01
-1.744286220133417498e-02
5.539525090015433584e-01
3.738824665277616921e-01
8.539416158821026004e-01
9.131330192176905225e-01
1.256432880186259426e+00
-9.229464855632485421e-02
4.935797406269337717e-01
9.496913743139610009e-01
1.204433255710136486e+00
-1.026827007940567249e-02
-2.262815266693469773e-01
6.703830778656525435e-01
7.809130946225802949e-01
9.476231152915770561e-01
-3.434704173838187824e-02
5.583624273237449698e-01
2.404699234386387108e-01
2.083429154153397800e-01
5.384778781795422908e-01
1.194493518856170056e+00
5.256832796186882151e-01
6.898486610215386339e-01
-9.853372353261868888e-02
6.029947464602414264e-01
7.831399532688995135e-01
8.498217807790477973e-01
-2.146178336357577043e-01
6.864151173924639693e-01
1.254937552382082933e+00
3.555747985436895631e-01
7.344818168752031973e-01
8.764485898855741697e-01
