3.170208760005633342e-01 -2.211454436505174148e-01 1.518005725772925141e-02
3.725906146266882435e-01 -5.725395967129792707e-02 -1.094071440736189699e-01
5.837098927190225162e-01 -1.595888554013016186e-02 -1.384341355821612773e-01
6.607262018359510991e-01 -2.404416372355846487e-01 -7.517574023232488634e-02
2.607340929876297286e-01 -5.248794859643626243e-01 -6.867877329445253032e-02
3.054154766245295409e-03 2.933092530103659779e-01 6.267749760561913686e-02
-4.414731196862777679e-02 2.656827527717199322e-01 1.264856801331188108e-01
1.655491163357715456e-01 3.326311918127219380e-01 1.513061655688847096e-01
1.028019115139692380e-01 9.999999999999997780e-01 1.954325695750085967e-01
-1.366553371291348296e-01 5.498781772894484332e-01 -1.455231229290748218e-01
-6.838420055293329414e-01 -3.980226597967490565e-01 -3.205285358818226182e-01
-8.586314291889021177e-01 -2.842947348487682713e-01 -3.468908718071431196e-01
-5.052951955402883444e-01 -1.533314645800909481e-01 -1.675635528057390355e-01
-5.570524610215950023e-01 -1.824785424956568980e-01 -1.247557626993947150e-01
-5.256942202764972594e-01 -3.688591663839963508e-01 -9.671994144136777938e-02
