3.170208760005633342e-01 -2.211454436505174148e-01 1.518005725772925141e-02
3.725906146266882435e-01 -5.725395967129792707e-02 -1.094071440736189699e-01
5.837098927190225162e-01 -1.595888554013016186e-02 -1.384341355821612773e-01
6.607262018359510991e-01 -2.404416372355846487e-01 -7.517574023232488634e-02
2.607340929876297286e-01 -5.248794859643626243e-01 -6.867877329445253032e-02
8.003164140435873319e-01 -3.434051335956857520e-01 -3.174163597831485273e-01
4.041749517529467650e-01 4.364839306790062323e-02 1.032761462829983878e-01
4.028354508820490287e-01 -2.064325545215632274e-01 -3.163752257178171767e-01
2.810167882984135335e-01 -1.907544739378926393e-02 -3.555661381879975935e-01
2.554512695004889089e-01 -7.426555319835184688e-02 -8.471514016020895155e-02
5.045498414320529479e-01 -2.271487392397232297e-01 2.046456220319447517e-01
7.059906960122295239e-01 -6.131745586529728786e-01 -2.030135603120984955e-01
4.380355023227869293e-01 -4.832255920264122984e-01 8.321747809690335784e-02
6.266838581999792934e-01 -5.144721220805125173e-01 -2.055744094969486624e-01
6.300392311842002435e-01 -3.633677705527069146e-01 -1.824024071228204091e-01
5.966490579137424533e-01 -2.543998740660309288e-01 -9.960353960110816807e-02
4.088679968917757757e-01 -2.268881280321515537e-01 -9.380655188881613371e-02
1.506324784452062193e-01 -9.181339770169760772e-02 -2.316673785325442103e-01
8.118862207126622543e-01 -4.752454412784504201e-01 -1.808319384682616215e-01
4.742717980831226421e-01 -4.762950925151613890e-01 -4.714312464750371190e-02
5.788743651124632628e-01 -2.886384751460998599e-01 -4.322637153584196756e-01
5.189313704777255287e-01 -9.329798039956328781e-02 -2.957237259411597541e-01
8.716157929162202667e-01 -7.836350401854620396e-01 -1.115414949675800349e-01
5.835795426733522140e-01 -5.315789888204850433e-01 -1.432909699019309924e-01
4.936792888778128718e-01 -3.183765160508617020e-01 -2.694236388783056158e-01
1.023878884318132759e-01 -1.374724585981466352e-01 -1.145362651421904798e-01
4.632974182558622922e-01 -3.797638982170918887e-01 -8.725202603687857994e-02
5.327553507735933724e-01 -4.894803183947885050e-01 -3.313601228210179966e-02
5.138160921625957167e-01 -5.476462335710046148e-01 -8.324258896577924061e-03
7.205142580405500263e-01 -2.549192154913277331e-01 -1.494697909465487196e-01
1.000000000000000222e+00 -6.032607229920300407e-01 -3.298428740191294284e-01
6.362790089763903367e-01 -2.539654710656620296e-01 -2.744405766563863813e-01
4.872818463024537472e-01 -2.228620642367033777e-01 -2.503097642751774266e-01
5.016999671504996927e-01 -6.707877887144527707e-01 9.073647527262623802e-02
6.512394467571578360e-01 -2.166083944593716615e-01 -3.082606641828222749e-01
7.266571435594673112e-01 -5.084772593764490534e-01 -1.342246585544980553e-01
2.479855468931418117e-01 -1.110387780706806188e-01 1.142500987048985506e-01
8.218462336498468801e-01 -7.177776053794633349e-01 -1.743177809590979455e-01
7.424901899215625711e-01 -8.657855295784011584e-02 -4.726543848142104598e-01
5.816054219947326409e-01 -3.208694534484068384e-01 1.225301985251592563e-01
6.188422332617243837e-01 -4.384277052556865284e-01 -1.434533252834159778e-01
5.020711088185033644e-01 -3.686967029663422157e-01 -2.372337230374662459e-02
5.779610826589541839e-01 -3.758148579781308007e-01 2.025453586625100555e-01
4.376737165220800363e-01 -4.833640536813986754e-01 1.587523971247186139e-01
4.377787807206257598e-01 -9.072068813002097387e-02 1.484877107587843914e-02
8.049648168162234496e-01 -3.907043164508340327e-01 -1.605302314040377987e-01
5.072655784648643085e-01 4.816174144083568143e-02 -4.839495903353205897e-01
2.299164538871918406e-01 -2.808065806196253789e-01 3.320527047989074165e-01
3.421009468896396011e-01 1.644903384009641367e-01 -3.634270886801099776e-01
3.226006062154065934e-01 -2.318695108274617112e-01 1.977411866947549612e-02
6.327471919091959274e-01 -4.305410556156750168e-01 -1.994622904069980329e-01
4.825022088243901552e-01 -2.550585510226362554e-02 -2.076804347562379027e-01
4.799192145903467543e-01 -3.305910161132335490e-01 -1.085028954106735666e-01
5.652780146662840233e-01 -3.573373397913379712e-01 -2.725930189457761998e-01
5.695620829415477537e-01 -4.024427315054224796e-01 2.694456462131583629e-02
7.659630457715620455e-01 -4.312187100987389665e-01 -1.094363211364282051e-01
7.104116720206794522e-01 -3.522204418802747372e-01 -1.390531425148268108e-01
3.766687181721472544e-01 9.712494362268392356e-02 -4.748059114807923198e-02
2.257087122964861192e-01 -2.992259207671371657e-01 6.924963516472891767e-01
3.054154766245295409e-03 2.933092530103659779e-01 6.267749760561913686e-02
-4.414731196862777679e-02 2.656827527717199322e-01 1.264856801331188108e-01
1.655491163357715456e-01 3.326311918127219380e-01 1.513061655688847096e-01
1.028019115139692380e-01 9.999999999999997780e-01 1.954325695750085967e-01
-1.366553371291348296e-01 5.498781772894484332e-01 -1.455231229290748218e-01
1.744278060500238370e-01 5.018497287980420163e-01 -1.279575571406886270e-01
-7.248623202009797650e-02 4.725206984971910273e-01 -5.940907463963171486e-02
3.603616807312503001e-01 3.496031967063956691e-01 2.821304577736014618e-01
4.186295936763978487e-01 3.034417666021086424e-01 1.532862484986133311e-02
5.158025462460467114e-01 4.658846891749521824e-01 -4.841568064354881962e-01
-2.792884375891205861e-01 1.277118992923818031e-01 5.322455920395894324e-01
-1.354497011720660893e-01 4.767088540252470419e-02 1.857324111771133102e-01
-1.958934632228527262e-01 5.548151277652089153e-01 7.935697751263395827e-02
-1.189873871653918530e-01 4.740322323761682055e-01 1.853392383282490563e-01
-2.958697548520677206e-02 5.213973987450655212e-01 1.242304757817455640e-02
2.311593566667891064e-01 6.474107306978982290e-01 -2.942741059417469662e-01
2.831250519491291806e-01 1.585267687694023597e-01 -3.152214967920499156e-01
5.811557858388581854e-01 -9.422510871645803365e-02 8.231827281204881497e-02
-9.272996376370637450e-02 5.378106203526668017e-01 -1.725103900183700134e-01
4.698971513634376262e-01 4.764694786593964837e-01 -7.742342624175251042e-02
-1.225294753712102697e-01 5.971348707710292247e-01 1.921855146884705046e-01
2.030693990611313060e-01 1.607442639582264965e-01 3.868221332808043089e-02
2.220085888796055340e-01 3.416100832848320557e-01 2.257392660348121471e-01
3.205561310471087277e-01 5.394746077263210537e-01 7.764588991035406562e-02
-3.669379490841253033e-01 3.243730597940888138e-01 -2.537237537899584838e-01
-2.661412305598679917e-01 4.376519724288884805e-01 1.171236383820359328e-01
-3.837873583420275403e-01 3.152791648961931759e-01 -1.824748126785161184e-02
5.173642083193497054e-01 3.435106544467058654e-01 -1.222127022871440649e-01
-3.399581685098961026e-02 4.714139078103091185e-01 6.281699662849068999e-02
-8.673295564094844756e-04 2.953716649496657132e-01 -4.359429634205683191e-01
-1.501272203728696575e-01 4.675545863771356503e-01 5.974007456118340942e-02
1.677868163586811456e-01 8.660652501925496516e-01 -1.480495805342438298e-01
-1.214314619860808048e-01 4.760824691245786333e-01 1.901274480702463410e-01
-3.740731493918976747e-01 1.872910050088935074e-01 -2.038509689423179949e-01
-3.711385770767212100e-01 4.498513840581043199e-01 8.075066248197274033e-02
1.867406203058823988e-01 3.505989792309476272e-01 4.587645974537982174e-02
8.124492560304989730e-02 2.295807778933947607e-01 2.877485686940003951e-01
8.335894840496713143e-02 5.205262570272471967e-01 -1.704722740037873108e-01
1.032699240796675078e-02 5.733100889732161143e-01 -1.689366390639390203e-01
-6.800816507065719774e-02 7.131950427076191312e-01 -1.368105874838082270e-01
-3.475426971649396846e-01 3.211730419519053803e-01 -1.215616532610882539e-01
2.145287749780930842e-01 5.538529458500185410e-01 -4.726981981680267869e-02
-3.216237718966767911e-01 5.223346684924579097e-01 -8.545945653613008786e-02
-4.225334452672071528e-01 2.588555639646240025e-01 8.379382361839698978e-02
-2.277280844146676586e-01 7.806415165982096838e-01 -1.000000000000000000e+00
-1.139266727348435815e-01 5.647566796344898332e-01 1.363951972915060373e-01
7.729608029251527901e-02 5.349904184288298836e-01 -5.694909360247141228e-01
-4.191734585383027345e-01 4.121312471720791626e-01 1.158313353118703981e-01
3.082126352348347753e-01 -1.152046034570478189e-01 1.000000000000000000e+00
2.338060413739863896e-01 3.471468603460641789e-01 -1.486926077041508254e-01
5.890512449242145676e-01 -1.140779963623371196e-01 6.026310549137383621e-01
-1.371637041082299224e-01 5.706652309786804933e-01 -3.781021043328092746e-01
-1.126675871996242334e-01 1.157683896942061919e-01 2.593702257451083182e-02
1.762687875387251302e-01 5.952548770482779528e-01 -3.909548476663816663e-01
-4.342402059378261403e-01 1.727045883982203933e-01 -4.005211612028554136e-01
3.801165660753825226e-01 2.166183574503801612e-01 3.171615165283415139e-01
1.656163413914074345e-01 5.777152623417082244e-01 -5.120500677408854062e-02
-5.727815084917357025e-01 2.864366154933247199e-01 -4.578377306665314950e-01
-5.950560924592153134e-01 -2.954897454884390304e-02 2.126310632645050935e-02
-1.370771714439596722e-01 5.939328455876236035e-01 3.881448801079063760e-01
-3.086892387565272622e-01 1.570293447526294739e-01 3.263234348593739842e-01
4.468727940969071666e-01 3.300314212839559613e-01 -3.261333862362313929e-01
-2.112480356063779763e-01 6.097460841223609762e-01 -3.909529298322290680e-01
-3.769986733315051075e-01 2.751699120014404754e-01 6.006871845357630857e-01
-1.964795095431728089e-01 1.199171321853051420e-02 -2.202732337622461400e-01
3.220323664298029853e-01 3.315329862411885431e-01 -4.477658599777443321e-02
-1.366953765741673321e-01 6.712094728555909606e-01 9.494520572259557145e-02
-1.752739958919890262e-01 2.393302458530804921e-01 -6.029040114571628667e-02
-4.566312336000997729e-01 3.704288803717174505e-01 -9.415744869306424958e-02
-1.625778956791072427e-01 6.736709648835000896e-01 -2.296483592201596646e-01
3.514369271890623730e-02 6.095885977385016030e-01 -2.915777588746453208e-01
-6.838420055293329414e-01 -3.980226597967490565e-01 -3.205285358818226182e-01
-8.586314291889021177e-01 -2.842947348487682713e-01 -3.468908718071431196e-01
-5.052951955402883444e-01 -1.533314645800909481e-01 -1.675635528057390355e-01
-5.570524610215950023e-01 -1.824785424956568980e-01 -1.247557626993947150e-01
-5.256942202764972594e-01 -3.688591663839963508e-01 -9.671994144136777938e-02
-3.750831358232300516e-01 -7.014441557944226524e-01 3.320045413632462250e-02
-6.887667791120547500e-01 -4.734737104228663451e-01 -2.746999537684983173e-01
-5.589827348083484804e-01 -6.753149935630708978e-01 -1.880556337362289665e-01
-5.433256865046237616e-01 -6.920132500750363347e-01 1.084370601318618288e-02
-5.572868719712685825e-01 7.221688727514677386e-02 -2.990701287193674451e-01
-6.672303727150331598e-01 -2.037959882312606330e-01 8.581895608415701648e-02
-6.098525583207450307e-01 -2.427647469042435724e-01 -2.542734964906635531e-01
-7.858464503296854753e-01 -6.536411025128073815e-01 -1.428828199627206752e-01
-5.101589884176267464e-01 -6.136021416014313390e-01 7.655085877621453649e-02
-6.441995561702040796e-01 -6.328984237737212970e-01 -2.699414929169335897e-01
-7.245137743919336515e-01 -1.475545231764254783e-01 -2.819281062801041182e-01
-5.571490267888090653e-01 -1.307885728120917468e-01 1.736953703241565783e-01
-5.614404891500683892e-01 -7.538939485974531785e-01 9.918174649759664563e-03
-6.084758627260625774e-01 -5.286327481587431709e-01 -3.384895839132771173e-02
-2.432591733515362675e-01 -1.000000000000000000e+00 1.563953517543522354e-01
-8.407743485273595496e-01 -5.434105915566651568e-01 -9.287441467167301123e-02
-6.742128451441092851e-01 -5.745354442973605869e-01 -2.324603805556739178e-01
-6.775884297655123678e-01 -6.079903015889038809e-01 -1.759660477908076559e-01
-1.000000000000000000e+00 -2.320107764654665561e-01 -3.678691840794862111e-01
-6.169226411865672555e-01 -2.067735110082523087e-01 -2.478159517322069960e-01
-8.248427344276063611e-01 -2.932864164583470212e-01 -1.684596148318204256e-01
-7.341935043481868650e-01 -2.547176209494879107e-01 -9.372745183230199451e-02
-6.886780736026408833e-01 -1.259618573811668585e-01 -1.112097168424137084e-01
-5.188054863974899122e-01 -3.683382535768319199e-01 -3.266420727105151522e-01
-5.368560798147723467e-01 -1.516114790292030223e-01 -2.723354487759250819e-01
-5.605020750027789322e-01 -1.550785016719856690e-01 -2.225047763183680138e-01
-3.169221657139731918e-01 -9.855493567757236950e-02 -3.160021864266386316e-01
-6.557175402923808294e-01 -4.783298260828418025e-01 -1.712538195640201377e-01
-7.917287103766273981e-01 -4.089581012461143694e-01 2.459226946454573515e-01
-7.469936000541614884e-01 -8.020996014692696185e-01 1.285843364689271406e-01
-6.512904014482278070e-01 -1.297459571883188001e-01 4.611917458624578692e-02
-7.530486927365910299e-01 1.247939076082699161e-02 -2.470457303188135223e-01
-5.755392209288415772e-01 -6.445434756349858185e-01 -2.619442157360476475e-01
-5.555394595339580022e-01 -7.531327005892103355e-01 2.096463620052230747e-01
-9.191140874825530771e-01 -2.347422014136841539e-01 2.708587925958849674e-01
-6.425441951298255239e-01 -1.659235909279692667e-01 -3.174206422620726720e-01
-4.259350817104123887e-01 -4.665251016365721259e-01 1.962785872580775637e-01
-7.175429801250364781e-01 -1.495563419495214152e-01 -2.978651615880190118e-01
-9.156249012062689374e-01 -9.754655097899894711e-02 -3.023105859416373720e-02
-6.991632812106123307e-01 -1.842843309443536748e-01 1.142348389909100814e-01
-5.959439252126611519e-01 -6.085879150787121272e-01 -1.404446953483462490e-01
-6.257201469911113367e-01 -8.019380423363388077e-01 -2.651802420824334039e-01
